Compiling shader : vertex.glsl
0:5(1): error: syntax error, unexpected NEW_IDENTIFIER, expecting $end

Compiling shader : fragment.glsl
Linking program
error: linking with uncompiled shader
5.58505
6.15377
6.14624
6.12866
6.1109
6.09313
6.07537
6.05761
6.07475
6.10996
6.16293
6.21622
6.26951
6.30534
6.34087
6.3764
6.41193
6.44745
6.48298
6.51851
6.57149
6.60732
6.64285
6.69583
6.73166
6.76719
6.80272
6.83825
6.85632
6.87409
6.89185
6.90962
6.92738
6.94514
6.96291
6.98067
7.01589
7.05141
7.08693
7.12246
7.15799
7.19351
7.21159
7.22936
7.26457
7.30009
7.33562
7.37115
7.40667
7.45965
7.49548
7.54847
7.5843
7.61983
7.63791
7.65568
7.67344
7.6563
7.63854
7.62078
7.60302
7.58525
7.56749
7.53227
7.49675
7.46123
7.4257
7.39017
7.35465
7.31912
7.28359
7.24807
7.21254
7.19447
7.1767
7.15893
7.14117
7.12341
7.10564
7.08788
7.07012
7.05235
7.03459
7.01683
6.99906
6.9813
6.96354
6.98068
6.99843
7.03365
7.06917
7.1047
7.14022
7.17575
7.21128
7.26426
7.30009
7.33562
7.37115
7.42413
7.45996
7.51294
7.54877
7.58431
7.61983
7.65536
7.69089
7.72641
7.76194
7.79747
7.81554
7.85076
7.86883
7.8866
7.90436
7.92213
7.93989
7.95765
7.97542
7.99318
8.0284
8.06392
8.09944
8.13497
8.18795
8.22378
8.27677
8.3126
8.33068
8.3659
8.38397
8.41919
8.43726
8.47248
8.49055
8.50832
8.52608
8.54384
8.57906
8.59713
8.6149
8.63266
8.61552
8.59776
8.58
8.56224
8.54447
8.52671
8.50895
8.47373
8.43821
8.38523
8.3494
8.29641
8.26058
8.2076
8.17176
8.13623
8.08325
8.04742
8.02934
8.01157
7.99381
7.95859
7.94053
7.9053
7.88724
7.85201
7.83395
7.79872
7.78066
7.74543
7.72737
7.7096
7.69183
7.65662
7.63855
7.62078
7.60302
7.58525
7.56749
7.54973
7.53196
7.5142
7.47898
7.46092
7.42569
7.40763
7.3724
7.35434
7.31911
7.28359
7.26552
7.24775
7.21253
7.19447
7.15924
7.12372
7.10565
7.07043
7.05236
7.01714
6.99907
6.96385
6.94578
6.91056
6.89249
6.87472
6.85696
6.83919
6.83888
6.82143
6.80367
6.80336
6.7859
6.76814
6.75038
6.76752
6.78527
6.80304
6.8208
6.83856
6.87378
6.92675
6.98004
7.03333
7.08662
7.13991
7.21065
7.26425
7.31754
7.38828
7.44188
7.49517
7.53101
7.56654
7.58462
7.60239
7.62015
7.63791
7.65568
7.63853
7.62078
7.60302
7.58525
7.55004
7.49706
7.46123
7.4257
7.37272
7.31943
7.2836
7.23061
7.17733
7.14149
7.08851
7.03522
6.98193
6.92864
6.89281
6.85727
6.82175
6.78622
6.75069
6.71517
6.67964
6.64411
6.62604
6.59082
6.5553
6.53722
6.502
6.46648
6.43095
6.41288
6.37766
6.35959
6.32437
6.3063
6.27108
6.25301
6.23524
6.20002
6.18196
6.16419
6.14642
6.12866
6.1109
6.09313
6.09282
6.07537
6.07506
6.0576
6.0573
6.05729
6.05729
6.05729
6.05729
6.05729
6.07475
6.0925
6.11027
6.12803
6.16325
6.19877
6.23429
6.26982
6.30535
6.34087
6.39385
6.42969
6.46522
6.50074
6.53627
6.5718
6.58987
6.60764
6.6254
6.64317
6.66093
6.67869
6.69646
6.71422
6.73198
6.74975
6.76751
6.78527
6.80304
6.8208
6.83856
6.85633
6.89154
6.90961
6.92738
6.9626
6.98066
7.01589
7.03395
7.06918
7.08724
7.12247
7.14053
7.1583
7.17607
7.19383
7.21159
7.22936
7.26457
7.28264
7.30041
7.31817
7.30103
7.28328
7.24806
7.21254
7.17701
7.14149
7.08851
7.03522
6.96448
6.89343
6.82238
6.73387
6.66251
6.59145
6.5204
6.44935
6.37829
6.32469
6.2714
6.21811
6.16482
6.12898
6.09345
6.05792
6.0224
5.98687
5.95134
5.91582
5.88029
5.86222
5.84445
5.80923
5.77371
5.72073
5.6849
5.63191
5.57863
5.50789
5.43684
5.36579
5.31219
5.24144
5.17039
5.09934
5.02828
4.95723
4.86872
4.79736
4.70885
4.62004
4.54868
4.47762
4.40657
4.33551
4.26446
4.19341
4.12235
4.0513
3.98025
3.89174
3.82038
3.76678
3.69603
3.62498
3.55393
3.50033
3.44703
3.39374
3.34045
3.28716
3.23387
3.18058
3.12729
3.074
3.03816
3.00263
2.96711
2.94903
2.93126
2.89605
2.87798
2.86021
2.82499
2.80693
2.7717
2.75364
2.73587
2.70065
2.68258
2.64736
2.62929
2.59407
2.576
2.55823
2.54047
2.52271
2.50494
2.50463
2.48718
2.46942
2.48656
2.50431
2.52208
2.53984
2.5576
2.57537
2.61058
2.6461
2.69908
2.73491
2.7879
2.84118
2.89447
2.94776
3.00105
3.05434
3.10763
3.16092
3.21421
3.2675
3.30334
3.35633
3.39216
3.42769
3.46322
3.49874
3.53427
3.5698
3.60532
3.64085
3.67638
3.7119
3.76488
3.80071
3.83625
3.88923
3.92506
3.96059
3.99612
4.03164
4.08462
4.12045
4.15599
4.19151
4.24449
4.29778
4.35107
4.40436
4.45765
4.51094
4.56423
4.61752
4.65335
4.70634
4.75962
4.81291
4.8662
4.91949
4.97278
5.00862
5.06161
5.11489
5.16818
5.22147
5.27476
5.3106
5.34613
5.38166
5.41718
5.45271
5.48824
5.52376
5.54184
5.5596
5.59482
5.61289
5.63066
5.64842
5.66618
5.68395
5.70171
5.71947
5.73724
5.755
5.77276
5.79053
5.80829
5.79115
5.77339
5.75563
5.73787
5.70265
5.66713
5.61415
5.56087
5.50758
5.45429
5.38354
5.32995
5.27665
5.22336
5.17007
5.13424
5.11616
5.09839
5.08063
5.06286
5.0451
5.02734
5.00957
4.99181
4.97405
4.95628
4.93852
4.92076
4.90299
4.88523
4.86747
4.8497
4.83194
4.81418
4.79641
4.77865
4.76089
4.74312
4.70791
4.68984
4.67207
4.63685
4.60133
4.5658
4.53028
4.49475
4.45922
4.4237
4.38817
4.3701
4.35233
4.33457
4.3168
4.29904
4.28128
4.29842
4.31617
4.35139
4.38691
4.42244
4.47542
4.5287
4.59944
4.67049
4.74154
4.8126
4.9011
4.97246
5.04352
5.11457
5.18563
5.25668
5.31028
5.36358
5.41687
5.48761
5.55866
5.61226
5.66555
5.7363
5.80734
5.86094
5.91424
5.96753
6.02082
6.07411
6.1274
6.18069
6.25143
6.32248
6.37608
6.44683
6.50042
6.55372
6.60701
6.6603
6.71359
6.74943
6.78496
6.83794
6.87377
6.9093
6.96228
7.01557
7.0514
7.08693
7.13991
7.17575
7.22873
7.26456
7.30009
7.33562
7.37115
7.40667
7.42475
7.45997
7.49549
7.53102
7.56654
7.60207
7.62014
7.65537
7.69089
7.72641
7.74449
7.77971
7.81523
7.85076
7.88628
7.92181
7.93988
7.97511
8.01063
8.04615
8.08168
8.11721
8.15273
8.18826
8.24124
8.29452
8.33036
8.38335
8.43663
8.47247
8.52545
8.57874
8.61457
8.66756
8.72084
8.75668
8.80967
8.8455
8.88103
8.91656
8.96954
9.00537
9.05835
9.09418
9.12972
9.16524
9.20077
9.2363
9.27182
9.30735
9.34288
9.39586
9.43169
9.46722
9.50275
9.53827
9.5738
9.60933
9.64485
9.68038
9.71591
9.75143
9.78696
9.82249
9.84056
9.87578
9.89385
9.91162
9.92938
9.94714
9.96491
9.98267
10.0004
10.0182
10.036
10.0537
10.0715
10.0893
10.107
10.1248
10.1425
10.1603
10.1781
10.1958
10.2136
10.2314
10.2491
10.2669
10.2846
10.3024
10.3202
10.3379
10.3557
10.3735
10.3912
10.409
10.4268
10.462
10.4975
10.533
10.5685
10.6041
10.6396
10.6751
10.7107
10.7462
10.7817
10.7998
10.835
10.8531
10.8708
10.8886
10.9238
10.9419
10.9771
10.9952
11.0304
11.0485
11.0662
11.1015
11.1195
11.1547
11.1728
11.1906
11.2258
11.2613
11.2968
11.3498
11.3507
11.3508
11.3508
11.3508
11.3508
11.3508
11.3508
11.3508
11.3508
11.3508
11.3508
11.3508
11.3508
11.3508
11.3508
11.3508
11.3508
11.3508
11.3508
11.3508
11.3508
11.3508
11.3508
11.3508
11.3508
11.3508
11.3508
11.3508
11.3508
11.3508
11.3508
11.3508
11.3508
11.3508
11.3508
11.3508
11.3508
11.3508
11.3508
11.3508
11.3508
11.3508
11.3508
11.3508
11.3508
11.3508
11.3508
11.3508
11.3508
11.3508
11.3508
11.3508
11.3508
11.3508
11.3508
11.3508
11.3508
11.3508
11.3508
11.3508
11.3508
11.3508
11.3508
11.3508
11.3508
11.3508
11.3508
11.3508
11.3508
11.3508
11.3508
11.3508
11.3508
11.3508
11.3508
11.3508
11.3508
11.3508
11.3508
11.3508
11.3508
11.3508
11.3508
11.3508
11.3508
11.3508
11.3508
11.3508
11.3508
11.3508
11.3508
11.3508
11.3508
11.3508
11.3508
11.3508
11.3508
11.3333
11.3156
11.2978
11.28
11.2448
11.2093
11.1563
11.103
11.0497
10.979
10.9079
10.8369
10.7658
10.6948
10.6237
10.5527
10.4991
10.4283
10.3747
10.3214
10.2681
10.2149
10.1616
10.1257
10.0727
10.0195
9.98362
9.93064
9.89481
9.84182
9.80599
9.753
9.71717
9.66419
9.6109
9.57507
9.52208
9.4688
9.41551
9.37967
9.32668
9.29085
9.25532
9.20234
9.16651
9.13098
9.09545
9.05992
9.0244
8.97142
8.93559
8.90005
8.86453
8.829
8.81093
8.77571
8.74018
8.72211
8.68689
8.65137
8.61584
8.58032
8.56224
8.52702
8.50895
8.49118
8.45597
8.42045
8.38492
8.34939
8.31387
8.26089
8.2076
8.15431
8.10102
8.04773
7.99444
7.9237
7.8701
7.79935
7.72831
7.67471
7.60396
7.55036
7.49707
7.44378
7.40794
7.35496
7.30167
7.26583
7.21285
7.15956
7.10627
7.05299
6.9997
6.94641
6.89312
6.83983
6.78654
6.73325
6.67996
6.62667
6.57338
6.52009
6.4668
6.41351
6.36022
6.30693
6.25364
6.20035
6.1296
6.07601
6.00526
5.93421
5.86316
5.7921
5.7385
5.66776
5.59671
5.52565
5.47205
5.41876
5.34802
5.29442
5.22367
5.17008
5.11678
5.04604
4.97499
4.90394
4.85034
4.77959
4.726
4.6727
4.61941
4.56612
4.51283
4.44209
4.38849
4.3352
4.26445
4.19341
4.13981
4.06906
3.99801
3.94441
3.89111
3.83782
3.78453
3.73124
3.67795
3.62466
3.57137
3.53554
3.50001
3.44703
3.39374
3.34045
3.28716
3.23387
3.19803
3.14505
3.09176
3.03847
2.98518
2.93189
2.8786
2.84277
2.78978
2.75395
2.71842
2.66544
2.62961
2.57662
2.54079
2.50526
2.46973
2.43421
2.39868
2.36315
2.32763
2.2921
2.25657
2.20359
2.16776
2.13223
2.0967
2.04372
2.00789
1.97236
1.91938
1.8661
1.81281
1.75952
1.70623
1.65294
1.59965
1.54636
1.49307
1.45723
1.4217
1.38617
1.35064
1.31512
1.27959
1.24406
1.20854
1.17301
1.13748
1.10196
1.06643
1.0309
0.995377
0.942397
0.889113
0.835823
0.782533
0.711789
0.640742
0.569688
0.498635
0.427582
0.373982
0.33814
0.302608
0.249628
0.196343
0.1256
0.054552
0.000952112
1.66175e-05
2.9003e-07
5.06198e-09
8.83482e-11
1.54197e-12
2.69124e-14
4.6971e-16
8.19798e-18
1.43082e-19
2.49725e-21
4.35852e-23
7.60705e-25
1.32768e-26
2.31724e-28
4.04435e-30
7.05872e-32
1.23198e-33
2.15021e-35
3.75282e-37
6.54991e-39
1.14318e-40
1.99522e-42
3.48231e-44
6.07778e-46
1.06077e-47
1.8514e-49
3.2313e-51
5.63968e-53
9.8431e-55
1.71794e-56
2.99838e-58
5.23316e-60
9.13358e-62
1.59411e-63
2.78225e-65
4.85594e-67
8.47521e-69
1.4792e-70
2.5817e-72
4.50591e-74
7.8643e-76
1.37258e-77
2.3956e-79
4.18112e-81
7.29743e-83
1.27364e-84
2.22292e-86
3.87973e-88
6.77141e-90
1.18183e-91
2.06269e-93
3.60007e-95
6.28331e-97
1.09664e-98
1.91401e-100
3.34057e-102
5.8304e-104
1.0176e-105
1.77604e-107
3.09978e-109
5.41013e-111
9.44245e-113
1.64802e-114
2.87634e-116
5.02015e-118
8.76182e-120
1.52923e-121
2.669e-123
4.65829e-125
8.13025e-127
1.419e-128
2.47662e-130
4.32251e-132
7.5442e-134
1.31671e-135
2.2981e-137
4.01093e-139
7.0004e-141
1.2218e-142
2.13244e-144
3.72182e-146
0.0174533
0.0701178
0.14085
0.211898
0.300404
0.389215
0.512939
0.619818
0.726403
0.832983
0.939563
1.0636
1.17048
1.27707
1.38365
1.47277
1.56159
1.63296
1.70402
1.77507
1.82867
1.86451
1.90004
1.91812
1.95334
1.97141
1.98918
2.00694
2.0247
2.04247
2.06023
2.09545
2.13097
2.14904
2.18426
2.20233
2.2201
2.23786
2.25563
2.27339
2.29115
2.30892
2.32668
2.30954
2.29178
2.25657
2.22105
2.16807
2.09733
2.00883
1.90256
1.79599
1.67196
1.53016
1.38806
1.24596
1.10385
0.961744
0.819637
0.694984
0.570635
0.446292
0.339402
0.232816
0.126236
0.0371098
0.000647689
1.13043e-05
1.97297e-07
3.44349e-09
6.01002e-11
1.04895e-12
1.83076e-14
3.19527e-16
5.5768e-18
9.73336e-20
1.69879e-21
2.96495e-23
5.17481e-25
9.03175e-27
1.57634e-28
2.75123e-30
4.8018e-32
8.38072e-34
1.46271e-35
2.55291e-37
4.45568e-39
7.77662e-41
1.35728e-42
2.36889e-44
4.1345e-46
7.21607e-48
1.25944e-49
2.19814e-51
3.83648e-53
6.69592e-55
1.16866e-56
2.03969e-58
3.55993e-60
6.21326e-62
1.08442e-63
1.89267e-65
3.30333e-67
5.76539e-69
1.00625e-70
1.75624e-72
3.06522e-74
5.34981e-76
9.33718e-78
1.62965e-79
2.84427e-81
4.96418e-83
8.66413e-85
1.51218e-86
2.63925e-88
4.60635e-90
8.0396e-92
1.40318e-93
2.449e-95
4.27432e-97
7.46009e-99
1.30203e-100
2.27247e-102
3.96621e-104
6.92235e-106
1.20818e-107
2.10867e-109
3.68032e-111
6.42337e-113
1.12109e-114
1.95667e-116
3.41504e-118
5.96036e-120
1.04028e-121
1.81563e-123
3.16887e-125
5.53072e-127
9.65294e-129
1.68476e-130
2.94045e-132
5.13206e-134
8.95713e-136
1.56331e-137
2.7285e-139
4.76213e-141
8.31148e-143
1.45063e-144
2.53182e-146
4.41886e-148
7.71237e-150
1.34606e-151
2.34932e-153
4.10034e-155
7.15644e-157
1.24904e-158
2.17998e-160
3.80478e-162
6.64059e-164
1.159e-165
2.02284e-167
3.53052e-169
6.16192e-171
1.07546e-172
1.87703e-174
3.27603e-176
5.71776e-178
9.97937e-180
1.74173e-181
3.03989e-183
5.30561e-185
9.26003e-187
1.61618e-188
2.82077e-190
0.0174533
0.0352112
0.0529744
0.0707377
0.0885011
0.106264
0.124028
0.141791
0.159554
0.177318
0.195081
0.212844
0.248061
0.283582
0.319109
0.372089
0.46028
0.549085
0.637902
0.744172
0.850746
0.957326
1.04645
1.11782
1.18888
1.24248
1.29578
1.34907
1.40236
1.45565
1.50894
1.54477
1.5803
1.61583
1.65136
1.66943
1.6872
1.68751
1.68752
1.68752
1.68752
1.70497
1.72273
1.74049
1.77571
1.82868
1.88197
1.93526
2.006
2.07705
2.1481
2.21915
2.29021
2.34381
2.3971
2.45039
2.48623
2.52176
2.53983
2.57506
2.59312
2.61089
