Compiling shader : vertex.glsl
0:5(1): error: syntax error, unexpected NEW_IDENTIFIER, expecting $end

Compiling shader : fragment.glsl
Linking program
error: linking with uncompiled shader
27.5625
180.271
182.332
182.915
183.483
184.051
185.182
186.881
188.585
190.851
194.249
198.782
203.889
210.127
216.938
223.755
230.572
239.639
248.728
259.504
270.298
281.091
291.885
302.678
313.472
324.265
332.808
339.08
344.204
349.317
353.304
356.719
359.565
361.843
4.11488
1.7279
2.26696
2.27226
2.27231
2.27231
2.27231
1.70981
1.70429
1.14173
0.573709
359.443
362.404
362.433
4.12068
0.0404546
0.000397163
359.438
361.841
360.74
4.10406
0.0402915
0.000395561
359.438
361.279
359.047
4.08743
0.0401283
0.000393959
359.438
357.904
352.826
347.151
342.033
338.608
336.324
335.177
334.603
334.035
333.467
334.024
334.592
335.16
336.29
337.427
338.563
340.261
342.528
345.363
349.891
354.998
360.11
362.973
4.12598
7.91551
15.8277
23.7804
30.6085
36.863
43.1119
48.7983
55.0416
61.2904
67.5392
73.7881
79.4744
85.7177
91.9665
98.2154
103.902
110.145
114.706
119.814
124.364
128.908
133.453
137.435
140.849
144.258
148.791
153.336
157.88
162.987
168.663
174.343
180.587
187.398
194.215
201.032
205.599
210.706
213.006
215.279
215.863
216.432
217
218.13
219.266
221.528
222.675
224.374
226.078
228.345
230.617
232.889
236.286
241.382
246.495
251.607
255.595
259.572
262.986
263.582
263.588
263.588
262.463
261.327
260.191
258.492
256.788
254.521
252.249
249.976
246.579
243.171
239.762
236.354
233.508
230.105
227.822
226.674
225.538
224.964
224.396
224.391
224.953
224.958
225.521
226.089
226.657
227.225
228.356
230.054
231.759
234.025
236.86
240.825
245.364
248.784
251.63
255.595
259.572
262.423
265.826
268.11
268.695
268.138
267.57
267.002
266.434
265.866
264.735
263.599
262.463
260.764
259.06
257.356
255.652
253.385
251.113
248.84
246.568
243.733
241.455
238.058
234.087
229.548
225.566
221.589
217.05
212.506
208.524
203.985
199.44
194.895
191.476
187.505
184.091
180.682
177.274
173.865
170.457
167.611
164.208
160.8
157.954
154.551
151.705
148.302
145.456
142.053
139.207
135.804
132.958
129.555
126.709
123.306
120.461
117.058
114.212
110.809
107.963
105.685
103.413
101.14
99.9929
98.8567
97.158
95.4538
93.7496
92.0454
90.3412
88.6369
86.3702
84.0979
82.3881
80.6838
79.5421
78.4059
77.2697
76.6961
76.128
74.9974
74.4238
73.8557
73.2876
72.7195
73.8389
74.9749
76.6736
78.3777
80.6445
85.1667
90.2736
95.3863
101.061
105.055
109.594
113.013
115.297
117.569
117.029
116.461
115.893
115.325
114.757
114.189
113.621
113.053
112.485
111.917
111.349
110.781
110.213
109.645
109.076
109.071
108.508
108.503
107.94
107.372
106.804
106.236
105.105
104.532
103.964
103.396
102.828
102.26
101.691
101.123
101.118
100.555
99.9872
99.4191
98.2885
97.7149
96.5843
95.4482
93.7496
92.0454
90.3412
88.6369
86.9327
85.2285
83.5242
81.82
80.6783
78.9796
77.2754
76.1336
74.4349
73.2933
72.1571
71.0209
70.4472
69.8791
69.311
68.743
67.6124
67.0388
65.9082
64.7721
64.1984
63.6303
63.0622
62.4941
61.926
61.358
61.3524
61.3523
61.3523
61.3523
61.3523
61.9148
61.9203
62.4829
63.0509
63.619
64.7496
65.8857
66.4593
67.59
68.7261
69.8622
70.4359
71.5665
72.7026
73.2763
73.8444
74.975
75.5486
76.1167
76.6848
77.2529
77.2584
77.2585
76.696
76.6905
76.1279
75.5599
75.5543
74.9918
74.4237
73.8557
73.8501
73.2875
73.282
72.7194
72.1514
71.5833
71.0153
71.0097
70.4471
69.8791
68.7485
68.1749
67.0443
66.4707
65.9026
64.772
64.1984
63.6303
62.4997
61.9261
61.358
60.7899
59.6593
59.0857
58.5176
57.9495
57.3814
56.8133
56.2453
55.6772
55.1091
55.1035
54.541
54.5355
54.5354
53.9729
53.4049
52.8368
52.2687
51.7006
51.1326
51.127
50.5644
49.9964
48.8658
48.2922
47.7241
47.156
46.588
45.4574
44.3213
43.1851
42.049
40.9128
39.7767
38.6405
37.5044
36.9307
35.8001
35.2265
34.6583
34.0903
33.5222
32.9541
32.386
31.2554
30.1193
28.9832
28.4095
27.2789
26.1428
25.0067
23.8705
23.2968
22.1662
21.5926
20.462
19.8884
19.3203
18.7522
18.1841
17.616
17.0479
16.4799
15.9118
15.3437
14.7756
14.2076
13.6395
13.0714
12.5033
11.9353
11.3672
10.7991
10.231
9.66294
9.09487
8.52679
7.95871
7.39063
6.82256
6.25448
5.6864
5.11833
4.55025
3.98217
3.41409
2.84602
2.27794
1.70986
1.14179
0.573709
359.443
362.404
361.87
4.11515
0.6029
0.00591896
359.438
362.404
361.87
4.11515
0.0404004
0.00039663
359.438
362.404
362.433
4.12068
0.0404546
0.000397163
359.438
362.404
361.87
4.11515
0.0404004
0.00039663
359.438
362.404
361.87
361.303
4.10958
0.0403457
359.438
362.404
361.87
4.11515
0.0404004
359.438
362.404
361.308
4.10963
0.0403462
359.438
361.841
360.74
4.10406
0.0402915
0.000395561
359.438
361.279
359.609
4.09296
0.0401825
359.438
361.841
360.74
4.10406
0.0402915
359.438
361.841
360.74
4.10406
0.0402915
359.438
362.404
361.87
4.11515
0.0404004
359.438
362.404
361.87
4.11515
0.0404004
359.438
362.404
361.308
4.10963
0.0403462
359.438
361.841
360.74
4.10406
0.0402915
359.438
361.841
360.74
4.10406
0.0402915
0.562896
359.443
361.841
360.74
4.10406
0.0402915
359.438
361.841
360.74
4.10406
0.0402915
359.438
361.279
359.609
4.09296
0.0401825
359.438
361.279
359.609
4.09296
0.0401825
359.438
361.841
360.177
4.09853
0.0402373
359.438
361.279
359.609
4.09296
0.0401825
359.438
360.716
357.916
4.07634
0.0400193
0.000392889
359.438
357.904
352.826
347.714
342.601
336.926
331.808
326.133
320.452
314.771
309.09
303.409
298.854
293.746
289.196
284.652
279.545
274.994
270.45
265.905
260.798
256.248
251.703
247.159
242.614
238.069
233.525
228.418
223.867
218.198
212.517
206.836
202.281
197.173
192.623
188.079
184.659
181.25
177.842
174.433
172.15
169.878
168.73
168.157
167.588
167.02
166.452
165.884
165.316
164.748
164.18
163.612
163.044
161.913
161.34
160.771
160.766
161.328
162.459
164.157
165.862
168.128
170.401
173.798
177.769
181.745
185.722
189.698
193.675
198.214
202.196
206.173
209.587
212.433
215.836
219.244
222.09
225.493
228.901
232.31
235.156
237.434
239.706
241.978
243.688
245.392
247.097
248.801
251.068
253.34
256.175
260.14
264.679
269.223
273.768
278.875
283.988
289.663
295.906
302.155
308.966
316.346
323.168
330.548
337.37
345.875
354.396
362.917
4.12543
9.0405
17.5263
26.0471
34.5682
43.0894
51.6105
60.1317
68.6528
77.174
85.6952
94.2163
102.737
111.259
118.655
124.915
131.164
137.413
143.662
148.785
153.336
158.443
163.556
168.668
173.781
178.331
183.438
186.863
190.835
194.249
197.657
201.065
204.474
207.882
210.728
214.131
217.54
221.511
226.612
232.85
239.661
244.79
249.903
254.453
258.998
263.543
266.962
270.371
273.779
277.188
280.596
284.005
287.413
290.822
293.105
293.69
293.133
292.003
290.304
288.6
286.333
283.499
278.408
273.296
267.058
260.809
253.998
247.181
240.364
233.547
226.73
219.913
212.534
205.712
198.332
190.947
183.562
176.177
168.792
161.407
154.022
146.637
139.252
131.867
124.482
117.097
109.712
101.202
92.681
84.1599
75.6387
67.1176
58.5964
50.0753
41.5541
33.033
24.5118
15.9906
7.46949
0.0733315
0.000719931
359.438
354.529
346.043
336.397
326.74
317.083
308.55
300.029
291.508
284.112
276.727
269.342
261.957
254.572
247.187
239.802
232.417
225.032
217.647
209.137
200.616
192.095
183.573
175.052
166.531
158.01
149.489
140.968
132.446
123.925
115.404
108.008
100.623
93.2379
85.8529
78.4679
71.0829
63.6979
56.3129
48.9279
41.5428
35.2828
29.0339
21.66
14.2751
6.89015
0.630144
359.444
356.779
350.565
344.317
338.63
332.387
326.138
320.452
314.771
308.528
302.841
296.598
290.912
285.231
280.675
276.693
273.279
269.87
267.024
266.434
265.866
265.86
266.423
266.991
267.559
268.689
269.825
270.962
272.66
274.364
276.631
278.903
280.613
282.88
285.152
286.862
289.129
291.964
295.929
300.468
305.012
309.557
314.664
319.777
324.889
330.565
336.245
341.926
347.607
353.288
358.406
362.956
4.12581
5.10301
9.6126
14.1569
18.139
21.5531
24.9616
27.2451
29.5175
30.1023
30.108
29.5456
28.9776
28.4095
27.8414
28.3983
29.5288
30.6649
31.8011
33.4997
35.2039
37.4706
39.7429
42.0152
44.2875
46.5598
49.9571
53.928
57.9044
63.006
68.1186
73.2313
78.3439
84.0191
89.1374
94.8126
99.3683
103.913
107.333
110.179
111.894
112.474
113.042
113.61
114.178
114.746
114.752
114.189
113.621
113.053
112.485
111.354
110.781
109.65
109.076
107.946
107.372
106.242
105.106
103.969
102.271
100.567
98.8623
97.7206
96.0219
94.8802
93.744
92.6078
91.4717
90.3355
89.1994
88.6257
87.4951
86.9215
85.7908
84.6547
83.5186
82.3824
81.2463
80.1101
78.974
78.4003
77.8322
77.2641
76.696
76.6905
76.1279
75.5599
74.9918
74.4237
73.8557
73.2876
72.157
71.0209
69.3222
67.0556
64.2208
60.818
57.9721
55.6941
53.4218
51.1495
48.8772
46.6049
43.2075
39.7992
36.3907
33.5448
30.7043
28.9889
27.8471
27.2734
26.7053
26.1372
25.5691
24.4385
23.8649
22.7343
21.5982
21.0245
19.8939
18.7578
18.1842
17.616
17.0479
17.0424
17.6048
18.1728
18.7409
19.309
20.4396
21.5757
23.2743
25.541
27.8132
30.0856
32.9204
35.1982
37.4706
39.7429
42.0152
44.2875
47.1223
49.9626
52.2405
54.5129
53.9727
53.4049
52.8368
52.2687
51.1381
50.002
48.8659
47.7297
46.5936
45.4574
43.7588
42.0546
40.3504
38.6461
36.9419
34.6752
32.9654
30.6986
28.9889
26.7221
24.4498
22.74
21.0357
18.769
15.9343
12.5314
9.68553
6.84509
3.4422
0.596294
0.0058541
359.438
359.591
356.78
353.378
350.532
347.129
344.283
340.88
338.034
334.631
331.785
328.382
325.536
322.133
318.725
314.754
310.215
306.233
302.256
297.717
294.298
291.452
288.049
284.64
282.357
280.647
279.505
278.369
277.795
277.227
276.659
276.091
275.523
274.955
274.387
273.819
273.251
272.12
271.547
270.416
269.842
268.712
268.138
267.57
267.002
266.434
265.866
265.298
264.73
264.161
263.593
263.025
263.02
262.457
261.889
261.321
260.191
259.054
257.918
256.782
255.646
253.947
252.806
251.669
250.533
249.397
248.823
248.255
247.687
247.119
247.114
246.551
245.983
245.415
244.847
244.279
243.711
243.705
243.143
242.575
242.006
242.001
241.438
240.87
240.302
240.297
239.734
239.166
239.161
238.598
239.155
239.723
239.728
240.291
240.859
241.427
242.558
243.694
244.83
246.529
248.233
249.937
251.641
253.908
256.18
257.89
259.594
261.299
263.003
264.145
265.281
266.979
268.121
269.257
270.393
272.092
273.234
274.932
276.637
278.341
280.045
281.749
283.454
284.595
285.732
286.868
288.004
288.577
289.708
290.282
291.412
292.548
293.685
294.821
295.957
297.093
297.667
298.797
299.371
299.939
300.507
301.075
301.643
302.211
302.779
303.348
303.916
304.484
305.052
305.62
306.188
306.756
307.324
307.892
308.46
309.028
309.596
310.164
310.733
311.301
311.869
312.437
313.005
313.573
314.141
314.709
315.277
315.845
316.413
316.981
317.549
318.118
318.686
319.254
319.822
320.952
321.526
322.657
323.793
324.929
326.065
327.201
328.337
330.036
331.178
332.314
334.012
335.154
336.29
337.427
338.563
340.261
341.966
343.67
344.811
345.948
347.084
347.657
348.788
349.362
350.492
351.066
352.197
353.895
355.037
356.736
357.877
359.576
361.28
362.984
4.12609
1.72801
2.82946
3.96528
5.10143
6.23758
6.81124
7.94187
8.51547
9.6461
10.7822
11.3559
11.924
12.4921
13.0601
13.6282
14.1963
14.7644
15.3324
15.9005
16.4686
17.0367
16.4798
15.9118
14.7812
13.6451
11.9465
10.2423
7.97555
5.7033
2.86849
0.0281614
359.438
357.341
351.133
344.885
338.636
331.825
325.008
318.191
311.374
303.994
297.172
289.792
282.408
275.023
268.763
263.639
258.526
254.538
251.124
247.715
244.307
242.023
239.751
237.479
234.644
234.054
233.485
233.48
233.48
234.042
235.173
236.309
237.445
239.144
241.41
243.12
245.387
248.222
249.937
251.641
253.345
255.612
257.322
258.464
260.162
261.304
262.44
261.889
261.321
260.753
259.06
256.793
254.521
250.561
245.46
239.785
234.667
228.429
221.055
213.108
205.155
198.327
192.072
186.386
182.392
178.978
178.382
177.814
